"","PC1","PC2","PC3","PC4","PC5","PC6","PC7","PC8","PC9","PC10","PC11","PC12","PC13","PC14","PC15","PC16","PC17","PC18","PC19","PC20","PC21","PC22","PC23","PC24","PC25","PC26","PC27","PC28","PC29","PC30","PC31","PC32"
"Barking and Dagenham",-0.110044840054437,0.0147777878054504,0.146534812808442,-0.0349878006158809,0.0618754557499568,-0.0141275519810948,0.00378261511043135,-0.00977952172053439,0.0441710500430238,-0.124068265230552,0.08725053138621,0.00612038824633238,0.152569203148915,-0.0618289899407259,-0.160520275819615,0.10765340650036,0.170641851551352,0.0826839964172819,0.300709804516496,-0.361409327368183,-0.127966518493074,-0.504057532889253,0.11482424266703,0.168933570790227,0.156130203655343,0.289754936131675,-0.138446550578998,-0.313724922692928,-0.191541837274097,-0.0697767400388311,-0.04806961063933,0.180062940740942
"Barnet",-0.129195771145545,0.1061110387254,-0.0652940403260026,0.0523738458946985,0.0987866244374379,0.180813895022849,-0.0955105105269698,0.047869281330152,-0.129256733579065,0.235978500573253,0.287317382414967,-0.126899948032563,0.203075500012699,-0.103749521836756,-0.196227273320448,-0.228508062302977,-0.181504948051142,-0.145376839707424,0.188014985361057,0.083889708386497,0.251206143922372,-0.107855363970508,-0.113931560662389,0.183177300641368,-0.309348881828755,-0.230453128253184,0.120524984776169,-0.31339205144708,0.154148114023914,0.165025666544524,-0.25885042705939,-0.0110250151396285
"Bexley",-0.106978578077688,0.0795234598484758,0.142833710551654,0.212670866541958,-0.0519940157472796,0.0325819175267009,0.0543635728864673,-0.080302193108485,-0.130507269312052,-0.0233329565064366,0.0115672903022266,0.0566335179049438,0.0360910214136959,0.0881176592445266,0.0520256847686835,0.117714282212165,-0.110320319979104,0.00789069858693622,0.171293476639533,0.0453473733428985,0.0483672194362702,-0.221768794481099,-0.0404688838872472,-0.58677899829888,0.182609276279089,-0.0903989038293478,0.452673547839579,0.0867410321082139,0.011251104464232,0.225417629468784,-0.00219776594481052,0.332994490237844
"Brent",-0.177387641836963,0.053978424171407,-0.211071793784803,-0.115194063517227,0.294207090212867,0.13732372818461,-0.348630776629017,0.00554735720338202,0.148213798070717,-0.0721295813358097,0.0422654383059801,0.118529198868276,0.0781923059515317,-0.161461702341563,0.267807401878569,0.150217691665844,-0.311599349179759,-0.00414977178086394,0.389396280319106,0.308640305845992,-0.142873429834191,0.134701705025644,-0.0411138916494659,0.0728470556641311,0.224436036506907,0.0999267244008137,-0.16982122300557,0.0989583736590985,-0.000905678368033493,0.0716931175545397,0.0811092953594163,0.105219418686424
"Bromley",-0.134900727456561,0.0360371589047703,0.218918292560882,0.262889247169928,-0.0359414869708298,-0.112014614269246,-0.0197874252189243,0.218090067468978,0.00397527309511447,-0.0636355519073984,0.0777918699596564,-0.0133070905460372,0.0673425007993798,0.351924223054941,0.0988329344096214,-0.161909072525183,0.00490649059801565,-0.455557647147538,0.130878551857054,0.065963967518401,0.341646473197423,-0.00727543000151372,0.209506279023013,0.0129633080860923,0.295970937246433,-0.0698998160412054,-0.255510608403389,-0.004065112179372,0.0337371052324606,-0.11956257386416,0.212946855805648,-0.136275281685368
"Camden",-0.260159369434176,0.105243908612966,-0.256595516728102,-0.000264306783271298,0.33070283339537,-0.355021448032142,0.279291550826589,-0.164755961664635,0.359518087412867,0.0632907690726934,-0.189210027368017,-0.0613747651722481,-0.0321526527889399,0.0999511425093757,-0.421458709497652,0.162009485868588,-0.114389308121866,-0.229915158614772,0.0066858931812559,0.0353320471957942,-0.0283119389539225,0.000643171411051646,-0.118904293688199,-0.0778759085275494,-0.0256345075566511,-0.078551071914055,0.0658168821932289,-0.0450755163380286,-0.104807809552553,-0.0689026238206967,0.0694160853788494,-0.0716663673811363
"Croydon",-0.152422709835398,-0.0507308909928362,0.0893636731710303,-0.193908494504029,0.120428143112264,-0.0840356783718011,-0.108284581439572,0.269578594927074,-0.282813459726476,-0.150097134542125,0.0984452295405789,-0.257057276914815,-0.358074133221852,0.275187411097883,-0.228222220829815,0.0867754944227451,-0.163892295424665,0.335994233931747,-0.0703249977671944,0.25126217823262,-0.149980398055117,-0.258997866830111,0.011899433188739,-0.0190439869377104,0.0729941471459437,-0.203105547904381,-0.123337385717299,0.00601335902823392,0.0950177568404035,-0.0400949902012886,-0.0201735871982235,-0.100102592473972
"Ealing",-0.238284987540632,-0.191644451584482,0.290770605382799,-0.330280524279485,0.21620033816254,0.0993500745260016,-0.0381002858231028,-0.165896643036821,-0.0228908550616729,-0.316578160785573,-0.0245034117036691,0.221664081406408,0.0269515003316046,-0.188165113182016,-0.217022492401679,-0.00635750726856423,0.259128688254279,0.114794282733861,0.019447182376212,-0.0175458322976412,0.430357579276506,0.218076545748094,0.0499552253909463,-0.0657677963770189,0.00589363480696981,-0.20409892439984,-0.0224251616091412,0.0548873916560719,-0.0762361954165062,0.137170632829618,0.0504707908887853,-0.0232744904396413
"Enfield",-0.112400835703345,0.161532833665193,-0.020593483629448,0.140661583212009,-0.0288925581303411,0.35553816926028,0.039121482152614,-0.0888445844287347,-0.0288167357398347,0.320995961827067,0.173955455378694,-0.138863046065102,0.0842186157595486,0.00241844965751045,-0.135859151890742,0.218894059620345,0.51861787908477,0.0427748292681861,-0.075866962424146,0.346998971553869,-0.176630804494422,0.112525905930373,0.0114148659841983,-0.134928257323248,0.145110509794605,-0.037475531625498,-0.153046596444345,-0.132536447574969,-0.162433641524346,0.0336227406976387,0.134315851950671,-0.0967104159832365
"Greenwich",-0.195449235209553,0.149274433388183,0.31785627189202,0.229348593611776,-0.176253620178234,-0.0295210140843696,0.0433425863577174,0.135473246243784,0.0537958322438305,-0.214640811986712,0.0667855961007998,0.0396693706198468,0.118515764832132,0.0930803100566594,0.0295537193512128,0.27137129762797,-0.10908738266053,0.18769382372727,0.00348025148245366,-0.0750995870002206,-0.00908651606189186,0.299313130143202,-0.600707182244951,0.128981776993647,-0.0799875199008186,0.0531950044230563,0.0134977710577632,-0.174843547728701,0.0409595739993741,-0.127245971562588,0.0540634087879117,-0.0279445936786251
"Hackney",-0.163310164312064,0.244983332320306,-0.0223693164223642,-0.102896079271449,-0.148638455407003,0.00673546530417366,0.326579567600044,0.108356193248886,-0.207748954836181,-0.0563696882391045,0.19271880656068,-0.323718355886865,-0.308603189313849,-0.474279083305558,0.0269163158155207,0.0572273987057389,-0.163519917075844,-0.139596274350784,-0.00383456089849418,-0.0272629010175233,0.167848893037397,0.15466394824182,0.114777800210234,0.0883590810980334,0.145814159759713,0.164804323289136,0.106533786705615,0.0713113362995,-0.212354949899268,-0.0906416713633735,0.0626494256884175,0.0842129546735511
"Hammersmith and Fulham",-0.131085604691859,-0.0408331331239151,0.0307167345390691,-0.116149819043142,0.143509295547773,-0.0434160507130948,-0.157473180516895,-0.046302204003989,-0.0524763512621763,-0.0483296457744737,-0.058298817429882,-0.0393388112944528,0.262922640833698,-0.0451396944215662,0.119690491324766,-0.147473636360945,0.0616560812539062,-0.0999813078474019,-0.496855721541428,0.331558859391517,0.128611381033433,-0.252351460883841,-0.21514003464272,0.103203866851509,0.211065158753298,0.250403805657095,0.270631144718496,-0.0137885103876913,-0.0819245446742321,-0.293492140202961,-0.121892867299236,0.0622515722626886
"Haringey",-0.159589929821001,0.383899988479722,-0.0692677343162514,0.139300464834939,-0.0900132104701548,0.0026680944612565,-0.250507135117996,0.2802046856964,-0.070989979653576,0.117570537332014,-0.17115838747656,0.353052747608066,0.187968274104446,-0.131624669272709,-0.272311901934562,0.181556281488483,-0.171617867287233,0.121453390223781,-0.331876644389725,-0.165490045923676,0.0405298211004675,0.0277719109973052,0.321508597331895,0.0259708249935013,0.0845078183224914,-0.062941602849131,-0.0442335946058437,0.10434739082655,0.00283835730697972,0.0283575356802612,-0.0893054966126919,-0.00830843598170821
"Harrow",-0.0930404022032711,-0.000243167303143541,0.0574904715008609,0.0190605576680603,0.059506408171056,0.0816539410804514,-0.047090371042077,0.0165521866217866,-0.138694103430579,-0.0182223870313496,0.0228374609636335,0.139061256060253,0.0879449911694412,-0.155782116621409,0.0966746281598407,0.0543879975744921,-0.0694149185830857,-0.00355681912818794,0.195963279136388,0.0132837205411685,-0.0717511578389611,-0.175075495721289,0.110428768895484,-0.273675743539685,-0.399289784605059,0.0529245657685134,0.157709712417345,0.067832686644807,-0.131474662657361,-0.445448075865967,0.195785136087101,-0.528385178083043
"Havering",-0.086835457148621,0.0990865515557393,-0.0159775550704217,0.054218365219206,0.0346450174603535,0.0212891838291196,-0.0623651062795401,-0.074367565030816,0.0263657727443166,0.129199265935312,0.196301708805133,-0.151377705189295,0.125841589615061,-0.0971259728274463,-0.180045933476621,-0.303232841989387,0.0905016045683477,0.102588089811392,0.0819263975591436,-0.279894210465612,-0.047573641835886,-0.107347022454422,-0.32727507822332,-0.0389792899706917,0.151151975316907,-0.0631954834542452,-0.159207991889324,0.656321779131149,0.116236902776407,-0.124796653576462,0.0350559001851328,-0.0213757191185453
"Hillingdon",-0.174127892066388,0.252740716375885,-0.049519441769369,0.366246787529955,0.183698673800567,-0.061814926092018,-0.261809402364925,-0.0904530926701252,0.0612188708821128,-0.310383543771567,-0.127006112019013,-0.192121165358619,-0.276091273751876,-0.0737404558221763,0.250570106825194,0.0202638975544547,0.356021230679284,-0.0497442544723838,-0.0119886290458424,-0.0905162710775,-0.0684125866757524,-0.0871240222835386,0.0709627053938583,0.225813985426145,-0.115997979448085,-0.146788243545055,0.21199016658891,0.07991411927783,0.0381564111970819,0.170285185231348,-0.124155667753203,-0.137392135976529
"Hounslow",-0.149561058652582,0.117791617928659,-0.0788942621566136,-0.0648305119299586,0.0789431812210185,-0.00790948421654913,-0.137231189356263,0.00536203119796303,-0.0221026469534866,-0.0930611058682846,-0.0813750801800397,-0.124072702365384,-0.0408816060282062,-0.121203106303748,0.15321128791274,-0.388650771628001,-0.0801962255508871,-0.0213456249157605,-0.205204769225364,-0.263602957508662,-0.14490951367568,0.116562853646494,-0.132172893488367,-0.505487434106156,0.0800976480319033,-0.01139727422332,-0.293345274371013,-0.404154605428956,-0.0846816049133286,0.082448486474568,-0.0355887938883595,-0.0943156647373911
"Islington",-0.143605631604924,0.207841344529336,-0.0138391262017023,-0.0081442684375973,0.182976366483229,-0.413748443735913,0.417754860149016,-0.0116686700224456,-0.169873863538735,0.161332220831451,0.177278419944869,0.361295469789911,0.0736887866644421,-0.0308673109454163,0.353583567185115,-0.188213444214524,0.136150300868504,0.305697196522929,0.0292392618488463,0.125825237969685,-0.0496416814924264,-0.0360662612035084,0.0432506506472643,0.0963700785208064,0.0131126867423146,-0.123292743141344,-0.0805463024298689,-0.0433932426141863,0.0534157684932122,0.0489998406865295,-0.0143370463060832,0.011018749411934
"Kensington and Chelsea",-0.118061227003545,0.041110240110087,-0.0526270707282575,-0.155443857089515,-0.500172195915561,-0.488501097743129,-0.344196642293636,-0.467711689380659,-0.114515537081922,-0.0219181885676731,0.172718438779383,-0.124216905515831,0.157195053985417,0.013037815649447,-0.0313329620655525,0.0993484191353289,-0.0162276542051144,-0.0122739304745098,0.0557950397816124,0.0875912030917601,-0.007942801434316,0.0420886531613778,0.0918485811162397,-0.00693134307293586,-0.0310169409220586,-0.0288132096395784,-0.0477890977897458,-0.0229655304185364,-0.0312440544934141,0.0627574677273643,0.0193725502278499,-0.0735435578964086
"Kingston upon Thames",-0.0668204900981391,0.0483751769702561,-0.0230436203906482,0.0542556495274162,-0.00350736005741246,0.0412157407002585,-0.0998545370840539,-0.0298991249543783,0.0054981217488657,-0.0227173509068633,-0.0651311092503725,-0.067963747964778,0.0121458779287613,-0.000994005191788673,0.0676433396871077,-0.0911204571945226,-0.0177148023089204,0.0194670678726367,-0.125496083144125,0.028119836924786,-0.0070278872220206,-0.0826938499617845,0.0419080855446021,0.068519957442013,-0.3822552303847,-0.303356606432138,-0.142659045261962,-0.00855386696369166,-0.181005774414085,-0.23024975515182,0.473374763395107,0.59641199375605
"Lambeth",-0.131487844677895,0.0626176461009712,-0.0208125065822178,-0.452117285735297,-0.00175908634108008,-0.137805378846264,-0.246777219643611,0.37010852018257,0.0147651773086231,0.36864199824503,0.0624566394919575,0.0883729593585672,-0.189121600985913,0.164737605217348,0.168536943515389,0.163684496238273,0.291273960413095,-0.224225686019219,0.0634230196203723,-0.233634412042748,0.0494840089713552,0.0291693380338025,-0.19010597252143,-0.0543814006796002,-0.101095234739595,0.0345170642128908,0.177063573799069,0.027915299597785,-0.0492953164887674,0.0395944658566267,0.0401288986327669,0.0766346575604596
"Lewisham",-0.214290534787547,-0.0879897696855881,0.374459277215804,0.002516354099782,-0.000768012799239336,-0.0677887544876905,-0.0254168788239602,0.0809075273671351,0.11320788683615,-0.042635092062189,0.173108450872955,0.107568345945957,-0.0395150697251085,-0.0468402302997256,-0.200778489739937,-0.275175618965455,0.0344778783726372,-0.231061184910148,-0.00615986639099645,0.125445324206278,-0.544226352549079,0.26432017312047,0.228381843476903,-0.00417665354012549,-0.123790963648817,0.120450294913457,0.149865278250629,0.0568685535915325,0.129087430256258,-0.0611841496954614,-0.14757507383662,0.179097090125417
"Merton",-0.0934396148944031,-0.0148395494355805,0.0757882400229132,-0.0121649861452639,0.0476948987219213,-0.0101004992474954,0.0217548416131971,0.0669267172292476,0.00910832560080169,0.0234769624188269,0.0118119617711015,-0.0789340532926752,0.110508147555311,0.011822507891128,-0.0577889701807579,-0.130094018132225,-0.0940039457935607,0.0608878335274281,-0.158252488076456,0.00490162491809047,-0.0357768410315649,-0.112978688924847,0.0025933236016102,0.107522292766429,-0.127320278501083,0.371130600760104,0.107254212868276,0.0405415496280707,0.0698245970134124,0.572871807927796,0.586319189797458,-0.17623991166761
"Newham",-0.212633183538887,0.124208734325915,0.00671579735643382,0.0350387823854009,0.00196447020675567,0.26117315628975,-0.0317313638266245,-0.474799510637751,-0.289569639280894,0.162912059981325,-0.0983146523536997,0.322783767281453,-0.438908493382595,0.257713187253646,-0.0620473955059213,-0.090835938656838,-0.115973731044408,-0.0842940425543436,-0.0158975472615124,-0.0813042434845084,0.0473052620235295,-0.0102441464783731,-0.086633925502908,0.128650451892589,-0.00662526793839332,0.263092785065777,-0.0726083314610463,-0.0303315454440707,0.0962627800451176,-0.0889336240966141,0.0207698701225022,0.0338752676974537
"Redbridge",-0.157487977118614,-0.06071543340677,0.00111040756379023,0.0581279701509538,0.24959494030196,0.0231632127118658,-0.0600855621619388,-0.0955020318968177,0.10070117004853,0.18764543436737,0.128807169587307,-0.34034005772013,0.130616578630583,0.337287678262366,0.129927216738655,0.000967531788225368,-0.0908150366823567,0.387332436521993,-0.0161245965128014,-0.214949642302081,0.179579307000898,0.324612259810243,0.335373535309529,-0.0325898845101188,-0.0462375392678082,0.209144244980219,0.164991787771707,0.010344091588363,-0.0638471854431944,-0.148938938534794,-0.089424910415198,0.0610331079263329
"Richmond upon Thames",-0.0687064326997628,0.0737748064341768,-0.0535863862446805,-0.0381273153790202,0.0428715320336519,-0.0619125767758129,0.0656510987099736,0.0240401047536782,-0.0338319039830315,-0.0551832601321811,-0.119018949732369,-0.148763206187776,0.0557603030259302,-0.156067736647886,0.0105476141878231,0.206993790678372,0.184063662362261,-0.0327260773751261,0.00393068614702304,0.0690177740682226,0.156048874248194,-0.0372258843067244,0.075461492398618,-0.215785895217964,-0.185549324280787,0.273481532031513,-0.218598535355412,-0.0267987756395265,0.73868471283419,-0.128733962515415,0.00206560293638212,0.162364471856035
"Southwark",-0.248253194031145,-0.00434283208789106,0.327725098267342,-0.0619767670050847,-0.29891712611693,0.0664202918717444,0.0249910088611009,-0.0184592048676019,0.479106082179155,0.336324171054648,-0.351887546501173,-0.0945470866383128,-0.169061534191886,-0.162461831621373,0.141934535704982,-0.127113170603688,-0.094145111102563,0.214486116336904,0.0826676771104625,0.152024709863812,0.109905861961538,-0.205672915706909,0.0406559942261347,0.0304264727121983,0.0267412662080766,-0.082226261048494,-0.0454417844394736,-0.0180119697902167,0.0333628404776019,-0.00112267863104822,-0.0777220921705989,-0.0829804161900683
"Sutton",-0.080158053839695,0.00159648348162341,0.126616296454239,0.0645241858219419,0.0403093929898331,-0.0187235826429988,0.091791807293231,0.0298990195918752,-0.0179468346267277,-0.0372121349361306,0.0352311186976416,-0.0262866931073332,0.0347603371067533,0.105888184447017,0.0994944534044237,0.146250002143841,-0.0584590836817544,-0.129646889717436,-0.10326900593094,0.13337991988094,0.0899559921776419,-0.112571953981898,-0.0437416783103681,-0.131669533016715,-0.401585471474566,0.232949517453662,-0.408535065748481,0.300720432522265,-0.361370180433039,0.255172694227541,-0.391635783474276,0.0639435673871643
"Tower Hamlets",-0.134909985483763,0.325606480329425,-0.284403171354172,-0.322306398378566,-0.287971053007398,0.319053952081841,0.20679644256234,0.0241965038860448,0.309092355724925,-0.387784621796687,0.184806268351614,0.0816268631383391,0.094260729890084,0.320188255795503,0.0562805120599341,-0.129406332749093,0.0365568239205441,0.0261877387485457,-0.0346496822986286,0.0283201134144253,-0.0105614814196552,-0.0924911679307764,0.0912391559716676,-0.0203137516714022,-0.0728967425810816,-0.0178249344861686,0.0872621328798469,0.0525879096372404,0.0629984449609952,-0.0103335951503039,-0.0473510516142819,-0.0336449971149935
"Waltham Forest",-0.167161647568359,-0.160236959226664,0.18097140252088,-0.146922079955322,0.0982143938198122,0.175653961844206,0.167770441081022,-0.211350448126639,-0.0205454764539718,0.0793354441079924,0.133229702860156,-0.0860750398596775,0.159466243417726,-0.0192432786255728,0.28405021770605,0.35466826828561,-0.200852181358076,-0.248163473044416,-0.295767733117275,-0.280664811805596,-0.218825663145891,-0.116877118702882,0.0754868993742645,0.103546279248002,0.0833738741108027,-0.332911760155202,-0.0569303467289101,0.0358590645519426,0.185182652542861,0.0577341301461297,0.00725714189067485,-0.0919180531205577
"Wandsworth",-0.125588786015636,0.105050706180163,0.0222515159882133,-0.191379136982408,-0.0504773189478598,0.0725415488358662,0.153738437408867,0.0452334119367767,-0.4127653040959,-0.0141278484305106,-0.610253517389551,-0.224636896638539,0.338208254408712,0.14748266297206,0.0141694810168352,-0.0966803183356317,0.0590920529255968,-0.0642275931529916,0.255011684306113,0.00263657190524397,-0.179721767812698,0.144261219268049,-0.003473262289712,0.133171327762486,0.00758259022251347,-0.0520600222348573,0.0362866136453038,0.0820870334203917,-0.0601663769511367,0.0418633028523007,-0.0611511621721265,0.00127184930048267
"Westminster",-0.507619733457362,-0.5968058080959,-0.438979413154914,0.237339851593701,-0.248314241784824,0.0313689617946711,0.0786725359697961,0.179199056388773,-0.0852443150323832,-0.0210695205389615,-0.00992874850147886,0.0923780446286486,-0.0110701097119407,-0.0492006478253404,0.0242843397659737,-0.0162893217146688,0.0865958202699622,0.0442723073790439,-0.00636259991945583,-0.0546135447936297,-0.00456412528581672,-0.00677905759244698,-0.0240550946957634,0.0243725220382113,0.0102902107168882,0.0123159335222775,0.0014259685454269,0.0113564338009007,-0.00408852949429725,0.0196654834603523,-0.0361897821238354,0.0245349953170968
